[0001] RAW ( 16 bytes): 32 30 34 45 30 30 30 30 30 38 30 30 36 31 30 30
[0002] RAW ( 12 bytes): 36 44 30 42 30 30 43 30 30 37 42 34
[0003] RAW ( 16 bytes): 30 31 30 44 30 36 30 44 30 37 30 44 30 42 30 44
[0004] RAW ( 16 bytes): 30 30 30 30 30 30 30 30 30 30 30 30 30 30 30 30
[0005] RAW ( 16 bytes): 30 30 30 30 30 30 30 30 30 30 30 30 30 30 30 30
[0006] RAW ( 16 bytes): 30 30 30 30 30 30 30 30 30 30 30 30 30 30 30 30
[0007] RAW ( 12 bytes): 30 33 36 34 03 03 03 03 03 03 03 03
[0008] RAW ( 17 bytes): f3 31 39 33 34 30 30 30 30 30 30 30 30 30 30 30 30
[0009] RAW ( 16 bytes): 32 30 34 45 30 30 30 30 30 38 30 30 36 31 30 30
[0010] RAW ( 12 bytes): 36 44 30 42 30 30 43 30 30 37 42 34
[0011] RAW ( 16 bytes): 30 31 30 44 30 35 30 44 30 37 30 44 30 42 30 44
[0012] RAW ( 16 bytes): 30 30 30 30 30 30 30 30 30 30 30 30 30 30 30 30
[0013] RAW ( 16 bytes): 30 30 30 30 30 30 30 30 30 30 30 30 30 30 30 30
[0014] RAW ( 16 bytes): 30 30 30 30 30 30 30 30 30 30 30 30 30 30 30 30
[0015] RAW ( 12 bytes): 30 33 36 33 03 03 03 03 03 03 03 03
[0016] RAW ( 17 bytes): f3 31 39 33 34 30 30 30 30 30 30 30 30 30 30 30 30
[0017] RAW ( 16 bytes): 32 30 34 45 30 30 30 30 30 38 20 30 36 31 30 30
[0018] RAW ( 12 bytes): 36 44 30 42 30 30 43 30 30 37 42 34
[0019] RAW ( 16 bytes): 30 31 30 44 30 35 30 44 30 37 30 44 30 42 30 44
[0020] RAW ( 16 bytes): 30 30 30 30 30 30 30 30 30 30 30 30 30 30 30 30
[0021] RAW ( 16 bytes): 30 30 30 30 30 30 30 30 30 30 30 30 30 30 30 30
[0022] RAW ( 16 bytes): 30 30 30 30 30 30 30 30 30 30 30 30 30 30 30 30
[0023] RAW ( 12 bytes): 30 33 36 33 03 03 03 03 03 03 03 03
[0024] RAW ( 17 bytes): f3 31 39 33 34 30 30 30 30 30 30 30 30 30 30 30 30
[0025] RAW ( 16 bytes): 32 30 34 45 30 30 30 30 30 38 30 30 36 31 30 30
[0026] RAW ( 12 bytes): 36 44 30 42 30 30 43 30 30 37 42 34
[0027] RAW ( 16 bytes): 30 31 30 44 30 35 30 44 30 37 30 44 30 42 30 44
[0028] RAW ( 16 bytes): 30 30 30 30 30 30 30 30 30 30 30 30 30 30 30 30
[0029] RAW ( 16 bytes): 30 30 70 30 30 30 30 30 30 30 30 30 30 30 30 30
[0030] RAW ( 16 bytes): 30 30 30 30 30 30 30 30 30 30 30 30 30 30 30 30
[0031] RAW ( 12 bytes): 30 33 36 33 03 03 03 03 03 03 03 03
[0032] RAW ( 17 bytes): f3 31 39 33 34 30 30 30 30 30 30 30 30 30 30 30 30
[0033] RAW ( 16 bytes): 32 30 34 45 30 30 30 30 30 38 30 30 36 31 30 30
[0034] RAW ( 12 bytes): 36 44 30 42 30 30 43 30 30 37 42 34
[0035] RAW ( 16 bytes): 30 30 30 44 30 34 30 44 30 36 30 44 30 39 30 44
[0036] RAW ( 16 bytes): 30 30 30 30 30 30 30 30 30 30 30 30 30 30 30 30
[0037] RAW ( 16 bytes): 30 30 30 30 30 30 30 30 30 30 30 30 30 30 30 30
[0038] RAW ( 16 bytes): 30 20 30 30 30 30 30 30 30 30 30 30 30 30 30 30
[0039] RAW ( 12 bytes): 30 33 35 45 03 03 03 03 03 03 03 03
[0040] RAW ( 17 bytes): f3 31 33 33 34 30 30 30 30 30 30 30 30 30 30 30 30
[0041] RAW ( 16 bytes): 32 30 34 45 30 30 30 30 30 38 30 30 36 31 30 30
[0042] RAW ( 12 bytes): 36 44 30 42 30 30 43 30 30 37 42 34
[0043] RAW ( 16 bytes): 30 30 30 44 30 34 30 44 30 36 30 44 30 39 30 44
[0044] RAW ( 16 bytes): 30 30 30 30 30 30 30 30 30 30 30 30 30 30 30 30
[0045] RAW ( 16 bytes): 30 30 30 30 30 30 30 30 30 30 30 30 30 30 30 30
[0046] RAW ( 16 bytes): 30 30 30 30 30 30 30 30 30 30 30 30 30 30 30 30
[0047] RAW ( 12 bytes): 30 33 35 38 03 03 03 03 03 03 03 03
[0048] RAW ( 17 bytes): f3 31 33 33 34 30 30 30 30 30 30 30 30 30 30 30 30
[0049] RAW ( 16 bytes): 32 30 34 45 30 30 30 30 30 38 30 30 36 31 30 30
[0050] RAW ( 12 bytes): 36 44 30 42 30 30 43 30 30 37 42 34
[0051] RAW ( 16 bytes): 30 30 30 44 30 34 30 44 30 36 30 44 30 39 30 44
[0052] RAW ( 16 bytes): 30 30 30 30 30 30 30 30 30 30 30 30 30 30 30 30
[0053] RAW ( 16 bytes): 30 30 30 30 30 30 30 30 30 30 30 30 30 30 30 30
[0054] RAW ( 16 bytes): 30 30 30 30 30 30 30 30 30 30 30 30 30 30 30 30
[0055] RAW ( 12 bytes): 30 33 35 38 03 03 03 03 03 03 03 03
[0056] RAW ( 17 bytes): f3 30 42 33 34 30 30 30 30 30 30 30 30 30 30 30 30
[0057] RAW ( 16 bytes): 32 30 34 45 30 30 30 30 30 38 30 30 36 31 30 30
[0058] RAW ( 12 bytes): 36 44 30 42 30 30 43 30 30 37 42 34
[0059] RAW ( 16 bytes): 46 46 30 43 30 31 30 44 30 34 30 44 30 37 30 44
[0060] RAW ( 16 bytes): 30 30 30 30 30 30 30 30 30 30 30 30 30 30 30 30
[0061] RAW ( 16 bytes): 30 30 30 30 30 30 30 30 30 30 30 30 30 30 30 30
[0062] RAW ( 16 bytes): 30 30 30 30 30 30 30 30 30 30 30 30 30 30 30 30
[0063] RAW ( 12 bytes): 30 34 34 37 03 03 03 03 03 03 03 03
[0064] RAW ( 17 bytes): f3 30 42 33 34 30 30 30 30 30 30 30 30 30 30 30 30
[0065] RAW ( 16 bytes): 32 30 34 45 30 30 30 30 30 38 30 30 36 31 30 30
[0066] RAW ( 12 bytes): 36 44 30 42 30 30 43 30 30 37 42 34
[0067] RAW ( 16 bytes): 46 46 30 43 30 31 30 44 30 34 30 44 30 37 30 44
[0068] RAW ( 16 bytes): 30 30 30 30 30 30 30 30 30 30 30 30 30 30 30 30
[0069] RAW ( 16 bytes): 30 30 30 30 30 30 30 30 30 30 30 30 30 30 30 30
[0070] RAW ( 16 bytes): 30 30 30 30 30 30 30 30 30 30 30 30 30 30 30 30
[0071] RAW ( 12 bytes): 30 34 34 37 03 03 03 03 03 03 03 03
[0072] RAW ( 17 bytes): f3 30 42 33 34 30 30 30 30 30 30 30 30 30 30 30 30
[0073] RAW ( 16 bytes): 32 30 34 45 30 30 30 30 30 38 30 30 36 31 30 30
[0074] RAW ( 12 bytes): 36 44 30 42 30 30 43 30 30 37 42 34
[0075] RAW ( 16 bytes): 46 46 30 43 30 31 30 44 30 34 30 44 30 37 30 44
[0076] RAW ( 16 bytes): 30 30 30 30 30 30 30 30 30 30 30 30 30 30 30 30
[0077] RAW ( 16 bytes): 30 30 30 30 30 30 30 30 30 30 30 30 30 30 30 30
[0078] RAW ( 16 bytes): 30 30 30 30 30 30 30 30 30 30 30 30 30 30 30 30
[0079] RAW ( 12 bytes): 30 34 34 37 07 03 03 03 03 03 03 03
[0080] RAW ( 17 bytes): f3 30 45 33 34 30 30 30 30 30 30 30 30 30 30 30 30
[0081] RAW ( 16 bytes): 32 30 34 45 30 30 30 30 30 38 30 30 36 31 30 30
[0082] RAW ( 12 bytes): 36 44 30 42 30 30 43 30 30 37 42 34
[0083] RAW ( 16 bytes): 46 45 30 43 30 33 30 44 30 35 30 44 30 38 30 44
[0084] RAW ( 16 bytes): 30 30 30 30 30 30 30 30 30 70 30 30 30 30 30 30
[0085] RAW ( 16 bytes): 30 20 30 30 30 30 30 30 30 30 30 30 30 30 30 30
[0086] RAW ( 16 bytes): 30 30 30 30 30 30 30 30 30 30 30 30 30 30 30 30
[0087] RAW ( 12 bytes): 30 34 34 44 03 03 03 03 03 03 03 03
[0088] RAW ( 17 bytes): f3 30 45 33 34 30 30 30 30 30 30 30 30 30 30 30 30
[0089] RAW ( 16 bytes): 32 30 34 45 30 30 30 30 30 38 30 30 36 31 30 30
[0090] RAW ( 12 bytes): 36 44 30 42 30 30 43 30 30 37 42 34
[0091] RAW ( 16 bytes): 46 45 30 43 30 33 30 44 30 35 30 44 30 38 30 44
[0092] RAW ( 16 bytes): 30 30 30 30 30 30 30 30 30 30 30 30 30 30 30 30
[0093] RAW ( 16 bytes): 30 30 30 30 30 30 30 30 30 30 30 30 30 30 30 30
[0094] RAW ( 16 bytes): 30 30 30 30 30 30 30 30 30 30 30 30 30 30 30 30
[0095] RAW ( 12 bytes): 30 34 34 44 03 03 03 03 03 03 03 03
[0096] RAW ( 17 bytes): f3 30 45 33 34 30 30 30 30 30 30 30 30 30 30 30 30
[0097] RAW ( 16 bytes): 32 30 34 45 30 30 30 30 30 38 30 30 36 31 30 30
[0098] RAW ( 12 bytes): 36 44 30 42 30 30 43 30 30 37 42 34
[0099] RAW ( 16 bytes): 46 45 30 43 30 33 30 44 30 35 30 44 30 38 30 44
[0100] RAW ( 16 bytes): 30 30 30 30 30 30 30 30 30 30 30 30 30 30 30 30
[0101] RAW ( 16 bytes): 30 30 30 30 30 30 30 30 30 30 30 30 30 30 30 30
[0102] RAW ( 16 bytes): 30 30 30 30 30 30 30 30 30 30 30 30 30 30 30 30
[0103] RAW ( 12 bytes): 30 34 34 44 03 03 03 03 03 03 03 03
[0104] RAW ( 17 bytes): f3 30 43 33 34 30 30 30 30 30 30 30 30 30 30 30 30
[0105] RAW ( 16 bytes): 32 30 34 45 30 30 30 30 30 38 30 30 36 31 30 30
[0106] RAW ( 12 bytes): 36 45 30 42 30 30 43 30 30 37 42 34
[0107] RAW ( 16 bytes): 46 45 30 43 30 33 30 44 30 34 30 44 30 3f 30 44
[0108] RAW ( 16 bytes): 30 30 30 30 30 30 30 30 30 30 30 30 30 30 30 30
[0109] RAW ( 16 bytes): 30 30 30 30 30 30 30 30 30 30 30 30 30 30 30 30
[0110] RAW ( 16 bytes): 30 30 30 30 30 30 30 30 30 30 30 30 30 30 30 30
[0111] RAW ( 12 bytes): 30 34 34 41 03 03 03 07 03 03 03 03
[0112] RAW ( 17 bytes): f3 30 43 33 34 30 30 30 30 30 30 30 30 30 30 30 30
[0113] RAW ( 16 bytes): 32 30 34 45 30 30 30 30 30 38 30 30 36 31 30 30
[0114] RAW ( 12 bytes): 36 45 30 42 30 30 43 30 30 37 42 34
[0115] RAW ( 16 bytes): 46 45 30 43 30 33 30 44 30 34 30 44 30 37 30 44
[0116] RAW ( 16 bytes): 30 30 30 30 30 30 30 30 30 30 30 30 30 30 30 30
[0117] RAW ( 16 bytes): 30 30 30 30 30 30 30 30 30 30 30 30 30 30 30 30
[0118] RAW ( 16 bytes): 30 30 30 30 30 30 30 30 30 30 30 30 30 30 30 30
[0119] RAW ( 12 bytes): 30 34 34 41 03 03 03 03 03 03 03 03
[0120] RAW ( 17 bytes): f3 30 43 33 34 30 30 30 30 30 30 30 30 30 30 30 30
[0121] RAW ( 16 bytes): 32 30 34 45 30 30 30 30 30 38 30 30 36 31 30 30
[0122] RAW ( 12 bytes): 36 45 30 42 30 30 43 30 30 37 42 34
[0123] RAW ( 16 bytes): 46 46 30 43 30 31 30 44 30 35 30 44 30 37 30 44
[0124] RAW ( 16 bytes): 30 30 30 30 30 30 30 30 30 30 30 30 30 30 30 30
[0125] RAW ( 16 bytes): 30 30 30 30 30 30 30 30 30 30 30 30 30 30 30 30
[0126] RAW ( 16 bytes): 30 30 30 30 30 30 30 30 30 30 30 30 30 30 30 30
[0127] RAW ( 12 bytes): 30 34 34 41 03 03 03 03 03 03 03 03
[0128] RAW ( 17 bytes): f3 30 43 33 34 30 30 30 30 30 30 30 30 30 30 30 30
[0129] RAW ( 16 bytes): 32 30 34 45 30 30 30 30 30 38 30 30 36 31 30 30
[0130] RAW ( 12 bytes): 36 45 30 42 30 30 43 30 30 37 42 34
[0131] RAW ( 16 bytes): 46 46 30 43 30 31 30 44 30 35 30 44 30 37 30 44
[0132] RAW ( 16 bytes): 30 30 30 30 30 30 30 30 30 30 30 30 30 30 30 30
[0133] RAW ( 16 bytes): 30 30 30 30 30 30 30 30 30 30 30 30 30 30 30 30
[0134] RAW ( 16 bytes): 30 30 30 30 30 30 30 30 30 30 30 30 30 30 30 30
[0135] RAW ( 12 bytes): 30 34 34 41 03 03 03 03 03 03 03 03
[0136] RAW ( 17 bytes): f3 30 43 33 34 30 30 30 30 30 30 30 30 30 30 30 30
[0137] RAW ( 16 bytes): 32 30 34 45 30 30 30 30 30 38 30 30 36 31 30 30
[0138] RAW ( 12 bytes): 36 45 30 42 30 30 43 30 30 3f 42 34
[0139] RAW ( 16 bytes): 46 46 30 43 30 31 30 44 30 35 30 44 30 37 30 44
[0140] RAW ( 16 bytes): 30 30 30 30 30 30 30 30 30 30 30 30 30 30 30 30
[0141] RAW ( 16 bytes): 30 30 30 30 30 30 30 30 30 30 30 30 30 30 30 30
[0142] RAW ( 16 bytes): 30 30 30 30 30 30 30 30 30 30 30 30 30 30 30 30
[0143] RAW ( 12 bytes): 30 34 34 41 03 03 03 03 03 03 03 03
[0144] RAW ( 17 bytes): f3 30 43 33 34 30 30 30 30 30 30 30 30 30 30 30 30
[0145] RAW ( 16 bytes): 32 30 34 45 30 30 30 30 30 38 30 30 36 31 30 30
[0146] RAW ( 12 bytes): 36 45 30 42 30 30 43 30 30 37 42 34
[0147] RAW ( 16 bytes): 46 46 30 43 30 33 30 44 30 35 30 44 30 37 30 44
[0148] RAW ( 16 bytes): 30 30 30 30 30 30 30 30 30 30 30 30 30 30 30 30
[0149] RAW ( 16 bytes): 30 30 30 30 30 30 30 30 30 30 30 30 30 30 30 30
[0150] RAW ( 16 bytes): 30 30 30 30 30 30 30 30 30 30 30 30 30 30 30 30
[0151] RAW ( 12 bytes): 30 34 34 43 03 03 03 03 03 03 03 03
[0152] RAW ( 17 bytes): f3 30 41 33 34 30 30 30 30 30 30 30 30 30 30 30 30
[0153] RAW ( 16 bytes): 32 30 34 45 30 30 30 30 30 38 30 30 36 31 30 30
[0154] RAW ( 12 bytes): 36 44 30 42 30 30 43 30 30 37 42 34
[0155] RAW ( 16 bytes): 46 46 30 43 30 33 30 44 30 35 30 44 30 37 30 44
[0156] RAW ( 16 bytes): 30 30 30 30 30 30 30 30 30 30 30 30 30 30 30 30
[0157] RAW ( 16 bytes): 30 30 30 30 30 30 30 30 30 30 30 30 30 30 30 30
[0158] RAW ( 16 bytes): 30 30 30 30 30 30 30 30 30 30 30 30 30 30 30 30
[0159] RAW ( 12 bytes): 30 34 34 44 03 03 03 03 03 03 03 03
[0160] RAW ( 17 bytes): f3 30 45 33 34 30 30 30 30 30 30 30 30 30 30 30 30
[0161] RAW ( 16 bytes): 32 30 34 45 30 30 30 30 30 38 30 30 36 31 30 30
[0162] RAW ( 12 bytes): 36 44 30 42 30 30 43 30 30 37 42 34
[0163] RAW ( 16 bytes): 46 46 30 43 30 33 30 44 30 35 30 44 30 37 30 44
[0164] RAW ( 16 bytes): 30 30 30 30 30 30 30 30 30 30 30 30 30 30 30 30
[0165] RAW ( 16 bytes): 30 30 30 30 30 30 30 30 30 30 30 30 30 30 30 30
[0166] RAW ( 16 bytes): 30 30 30 30 30 30 30 30 30 30 30 30 30 30 30 30
[0167] RAW ( 12 bytes): 30 34 34 44 03 03 03 03 03 03 03 03
[0168] RAW ( 17 bytes): f3 30 45 33 34 30 30 30 30 30 30 30 30 30 30 30 30
[0169] RAW ( 16 bytes): 32 30 34 45 30 30 30 30 30 38 30 30 36 31 30 30
[0170] RAW ( 12 bytes): 36 44 30 42 30 30 43 30 30 37 42 34
[0171] RAW ( 16 bytes): 46 46 30 43 30 33 30 44 30 35 30 44 30 37 30 44
[0172] RAW ( 16 bytes): 30 30 30 30 30 30 30 30 30 30 30 30 30 30 30 30
[0173] RAW ( 16 bytes): 30 30 30 30 30 30 30 30 30 30 30 30 30 30 30 30
[0174] RAW ( 16 bytes): 30 30 30 30 30 30 30 30 30 30 30 30 30 30 30 30
[0175] RAW ( 12 bytes): 30 34 34 44 03 03 03 03 03 03 03 03
[0176] RAW ( 17 bytes): f3 30 45 33 34 30 30 30 30 30 30 30 30 30 30 30 30
[0177] RAW ( 16 bytes): 32 30 34 45 30 30 30 30 30 38 30 30 36 31 30 30
[0178] RAW ( 12 bytes): 36 44 30 42 30 30 43 30 30 37 42 34
[0179] RAW ( 16 bytes): 46 46 30 43 30 33 30 44 30 35 30 44 30 37 30 44
[0180] RAW ( 16 bytes): 30 30 30 30 30 30 30 30 30 30 30 30 30 30 30 30
[0181] RAW ( 16 bytes): 30 30 30 30 30 30 30 30 30 30 30 30 30 30 30 30
[0182] RAW ( 16 bytes): 30 30 30 30 30 30 30 30 30 30 30 30 30 30 30 30
[0183] RAW ( 12 bytes): 30 34 34 44 03 03 03 03 03 03 03 03
[0184] RAW ( 17 bytes): f3 30 45 33 34 30 30 30 30 30 30 30 30 30 30 30 30
[0185] RAW ( 16 bytes): 32 30 34 45 30 30 30 30 30 38 30 30 36 31 30 30
[0186] RAW ( 12 bytes): 36 44 30 42 30 30 43 30 30 37 42 34
[0187] RAW ( 16 bytes): 46 46 30 43 30 33 30 44 30 35 30 44 30 37 30 44
[0188] RAW ( 16 bytes): 30 30 30 30 30 30 30 30 30 30 30 30 30 30 30 30
[0189] RAW ( 16 bytes): 30 30 30 30 30 30 30 30 30 30 30 30 30 30 30 30
[0190] RAW ( 16 bytes): 30 30 30 30 30 30 30 30 30 30 30 30 30 30 30 30
[0191] RAW ( 12 bytes): 30 34 34 44 03 03 03 03 03 03 03 03
[0192] RAW ( 17 bytes): f3 31 32 33 34 30 30 30 30 30 30 30 30 30 30 30 30
[0193] RAW ( 16 bytes): 32 30 34 45 30 30 30 30 30 38 30 30 36 31 30 30
[0194] RAW ( 12 bytes): 36 45 30 42 30 30 43 30 30 37 42 34
[0195] RAW ( 16 bytes): 46 46 30 43 30 34 30 44 30 36 30 44 30 39 30 44
[0196] RAW ( 16 bytes): 30 30 30 30 30 30 30 30 30 30 30 30 30 30 30 30
[0197] RAW ( 16 bytes): 30 30 30 30 30 30 30 30 30 30 30 30 30 30 30 30
[0198] RAW ( 16 bytes): 30 30 30 30 30 30 30 30 30 30 30 30 30 30 30 30
[0199] RAW ( 12 bytes): 30 34 35 36 03 03 03 03 03 03 03 03
[0200] RAW ( 17 bytes): f3 31 32 33 34 30 30 30 30 30 30 30 30 30 30 30 30
[0201] RAW ( 16 bytes): 32 30 34 45 30 30 30 30 30 38 30 30 36 31 30 30
[0202] RAW ( 12 bytes): 36 45 30 42 30 30 43 30 30 37 42 34
[0203] RAW ( 16 bytes): 46 46 30 43 30 34 30 44 30 36 30 44 30 39 30 44
[0204] RAW ( 16 bytes): 30 30 30 30 30 30 30 30 30 30 30 30 30 30 30 30
[0205] RAW ( 16 bytes): 30 30 30 30 30 30 30 30 30 30 30 30 30 30 30 30
[0206] RAW ( 16 bytes): 30 30 30 30 30 30 30 30 30 30 30 30 30 30 30 30
[0207] RAW ( 12 bytes): 30 34 35 36 03 03 03 03 03 03 03 03
[0208] RAW ( 17 bytes): f3 31 32 33 34 30 30 30 30 30 30 30 30 30 30 30 30
[0209] RAW ( 16 bytes): 32 30 34 45 30 30 30 30 30 38 30 30 36 31 30 30
[0210] RAW ( 12 bytes): 36 45 30 42 30 30 43 30 30 37 42 34
[0211] RAW ( 16 bytes): 46 46 30 43 30 34 30 44 30 36 30 44 30 39 30 44
[0212] RAW ( 16 bytes): 30 30 30 30 30 30 30 30 30 30 30 30 30 30 30 30
[0213] RAW ( 16 bytes): 30 30 30 30 30 30 30 30 30 30 30 30 30 30 30 30
[0214] RAW ( 16 bytes): 30 30 30 30 30 30 30 30 30 30 30 30 30 30 30 30
[0215] RAW ( 12 bytes): 30 34 35 36 03 03 03 03 03 03 03 03
[0216] RAW ( 17 bytes): f3 31 32 33 34 30 30 30 30 30 30 30 30 30 30 30 30
[0217] RAW ( 16 bytes): 32 30 34 45 30 30 30 30 30 38 30 30 36 31 30 30
[0218] RAW ( 12 bytes): 36 45 30 42 30 30 43 30 30 37 42 34
[0219] RAW ( 16 bytes): 46 46 30 43 30 34 30 44 30 36 30 44 30 39 30 44
[0220] RAW ( 16 bytes): 30 30 30 30 30 30 30 30 30 30 30 30 30 30 30 30
[0221] RAW ( 16 bytes): 30 30 30 30 30 30 30 30 30 30 30 30 30 30 30 30
[0222] RAW ( 16 bytes): 30 30 30 30 30 30 30 30 30 30 30 30 30 30 30 30
[0223] RAW ( 12 bytes): 30 34 35 36 03 03 03 03 03 03 03 03
[0224] RAW ( 17 bytes): f3 31 32 33 34 30 30 30 30 30 30 30 30 30 30 30 30
[0225] RAW ( 16 bytes): 32 30 34 45 30 30 30 30 30 38 30 30 36 31 30 30
[0226] RAW ( 12 bytes): 36 45 30 42 30 30 43 30 30 37 42 34
[0227] RAW ( 16 bytes): 46 46 30 43 30 34 30 44 30 36 30 44 30 39 30 44
[0228] RAW ( 16 bytes): 30 30 30 30 30 30 30 30 30 30 30 30 30 30 30 30
[0229] RAW ( 16 bytes): 30 30 30 30 30 30 30 30 30 30 30 30 30 30 30 30
[0230] RAW ( 16 bytes): 30 30 30 30 30 30 30 30 30 30 30 30 30 30 30 30
[0231] RAW ( 12 bytes): 30 34 35 36 03 03 03 03 03 03 03 03
[0232] RAW ( 17 bytes): f3 31 32 33 34 30 30 30 30 30 30 30 30 30 30 30 30
[0233] RAW ( 16 bytes): 32 30 34 45 30 30 30 30 30 38 30 30 36 31 30 30
[0234] RAW ( 12 bytes): 36 45 30 42 30 30 43 30 30 37 42 34
[0235] RAW ( 16 bytes): 46 46 30 43 30 33 30 44 30 35 30 44 30 39 30 44
[0236] RAW ( 16 bytes): 30 30 30 30 30 30 30 30 30 30 30 30 30 30 30 30
[0237] RAW ( 16 bytes): 30 30 30 30 30 30 30 30 30 30 30 30 30 30 30 30
[0238] RAW ( 16 bytes): 30 30 30 30 30 30 30 30 30 30 30 30 30 30 30 30
[0239] RAW ( 12 bytes): 30 34 35 34 03 03 03 03 03 03 03 03
[0240] RAW ( 17 bytes): f3 31 30 33 34 30 30 30 30 30 30 30 30 30 30 30 30
[0241] RAW ( 16 bytes): 32 30 34 45 30 30 30 30 30 38 30 30 36 31 30 30
[0242] RAW ( 12 bytes): 36 44 30 42 30 30 43 30 30 37 42 34
[0243] RAW ( 16 bytes): 46 46 30 43 30 33 30 44 30 35 30 44 30 39 30 44
[0244] RAW ( 16 bytes): 30 30 30 30 30 30 30 30 30 30 30 30 30 30 30 30
[0245] RAW ( 16 bytes): 30 30 30 30 30 30 30 30 30 30 30 30 30 30 30 30
[0246] RAW ( 16 bytes): 30 30 30 30 30 30 30 30 30 30 30 30 30 30 30 30
[0247] RAW ( 12 bytes): 30 34 35 31 03 03 03 03 03 03 03 03
[0248] RAW ( 17 bytes): f3 31 30 33 34 30 30 30 30 30 30 30 30 30 30 30 30
[0249] RAW ( 16 bytes): 32 30 34 45 30 30 30 30 30 38 30 30 36 31 30 30
[0250] RAW ( 12 bytes): 36 44 30 42 30 30 43 30 30 37 42 34
[0251] RAW ( 16 bytes): 46 46 30 43 30 33 30 44 30 35 30 44 30 39 30 44
[0252] RAW ( 16 bytes): 30 30 30 30 30 30 30 30 30 30 30 30 30 30 30 30
[0253] RAW ( 16 bytes): 30 30 30 30 30 30 30 30 30 30 30 30 30 30 30 30
[0254] RAW ( 16 bytes): 30 30 30 30 30 30 30 30 30 30 30 30 30 30 30 30
[0255] RAW ( 12 bytes): 30 30 35 31 03 03 03 03 03 03 03 03
[0256] RAW ( 17 bytes): f3 31 30 33 34 30 30 30 30 30 30 30 30 30 60 30 30
[0257] RAW ( 16 bytes): 32 30 34 45 30 30 30 30 30 38 30 30 36 31 30 30
[0258] RAW ( 12 bytes): 36 44 30 42 30 30 43 30 30 37 42 34
[0259] RAW ( 16 bytes): 46 46 30 43 30 33 30 44 30 36 30 44 30 38 30 44
[0260] RAW ( 16 bytes): 30 30 30 30 30 30 30 30 30 30 30 30 30 30 30 30
[0261] RAW ( 16 bytes): 30 30 30 30 30 30 30 30 30 30 30 30 30 30 30 30
[0262] RAW ( 16 bytes): 30 30 30 30 30 30 30 30 30 30 30 30 30 30 30 30
[0263] RAW ( 12 bytes): 30 34 35 31 03 03 03 03 03 03 03 03
[0264] RAW ( 17 bytes): f3 31 30 33 34 30 30 30 30 30 30 30 30 30 30 30 30
[0265] RAW ( 16 bytes): 32 30 34 45 30 30 30 30 30 38 30 30 36 31 30 30
[0266] RAW ( 12 bytes): 36 44 30 42 30 30 43 30 30 37 42 34
[0267] RAW ( 16 bytes): 46 46 30 43 30 33 30 44 30 36 30 44 30 38 30 44
[0268] RAW ( 16 bytes): 30 30 30 30 30 30 30 30 30 30 30 30 30 30 30 30
[0269] RAW ( 16 bytes): 30 30 30 30 30 30 30 30 30 30 30 70 30 30 30 30
[0270] RAW ( 16 bytes): 30 30 30 20 30 30 30 30 30 30 30 30 30 30 30 30
[0271] RAW ( 12 bytes): 30 34 35 31 03 03 03 03 03 03 03 03
[0272] RAW ( 17 bytes): f3 31 30 33 34 30 30 30 30 30 30 30 30 30 30 30 30
[0273] RAW ( 16 bytes): 32 30 34 45 30 30 30 30 30 38 30 30 36 31 30 30
[0274] RAW ( 12 bytes): 36 44 30 42 30 30 43 30 30 37 42 34
[0275] RAW ( 16 bytes): 46 46 30 43 30 33 30 44 30 36 30 44 30 38 30 44
[0276] RAW ( 16 bytes): 30 30 30 30 30 30 30 30 30 30 30 30 30 30 30 30
[0277] RAW ( 16 bytes): 30 30 30 30 30 30 30 30 30 30 30 30 30 30 30 30
[0278] RAW ( 16 bytes): 30 30 30 30 30 30 30 30 30 30 30 30 30 30 30 30
[0279] RAW ( 12 bytes): 30 34 35 31 03 03 03 03 03 03 03 03
[0280] RAW ( 17 bytes): f3 31 30 33 34 30 30 30 30 30 30 30 30 30 30 30 30
[0281] RAW ( 16 bytes): 32 30 34 45 30 30 30 30 30 38 30 30 36 31 30 30
[0282] RAW ( 12 bytes): 36 44 30 42 30 30 43 30 30 3f 42 34
[0283] RAW ( 16 bytes): 46 46 30 43 30 32 30 44 30 36 30 44 30 38 30 44
[0284] RAW ( 16 bytes): 30 30 30 30 30 30 30 30 30 30 30 30 30 30 30 30
[0285] RAW ( 16 bytes): 30 30 30 30 30 30 30 30 30 30 30 30 30 30 30 30
[0286] RAW ( 16 bytes): 30 30 30 30 30 30 30 30 30 30 30 30 30 30 30 30
[0287] RAW ( 12 bytes): 30 34 35 31 03 03 03 03 03 03 03 03
[0288] RAW ( 17 bytes): f3 31 30 33 34 30 30 30 30 30 30 30 30 30 30 30 30
[0289] RAW ( 16 bytes): 32 30 34 45 30 30 30 30 30 38 30 30 36 31 30 30
[0290] RAW ( 12 bytes): 36 44 30 42 30 30 43 30 30 37 42 34
[0291] RAW ( 16 bytes): 46 46 30 43 30 33 30 44 30 36 30 44 30 38 30 44
[0292] RAW ( 16 bytes): 30 30 30 30 30 30 30 30 30 30 30 30 30 30 30 30
[0293] RAW ( 16 bytes): 30 30 30 30 30 30 30 30 30 30 30 30 30 30 30 30
[0294] RAW ( 16 bytes): 30 30 30 30 30 30 30 30 30 30 30 30 30 30 30 30
[0295] RAW ( 12 bytes): 30 34 35 31 03 03 03 03 03 03 03 03
[0296] RAW ( 17 bytes): f3 31 30 33 34 30 30 30 30 30 30 30 30 30 30 30 30
[0297] RAW ( 16 bytes): 32 30 34 45 30 30 30 30 30 38 30 30 36 31 30 30
[0298] RAW ( 12 bytes): 36 44 30 42 30 30 43 30 30 37 42 34
[0299] RAW ( 16 bytes): 46 46 30 43 30 33 30 44 30 36 30 44 30 38 30 44
[0300] RAW ( 16 bytes): 30 30 30 30 30 30 30 30 30 30 30 30 30 30 30 30
[0301] RAW ( 16 bytes): 30 30 30 30 30 30 30 30 30 30 30 30 30 30 30 30
[0302] RAW ( 16 bytes): 30 30 30 30 30 30 30 30 30 30 30 30 30 30 30 30
[0303] RAW ( 12 bytes): 30 34 35 31 03 03 03 03 03 03 03 03
[0304] RAW ( 17 bytes): f3 31 31 33 34 30 30 30 30 30 30 30 30 30 30 30 30
[0305] RAW ( 16 bytes): 32 30 34 45 30 30 30 30 30 38 30 30 36 31 30 30
[0306] RAW ( 12 bytes): 36 44 30 42 30 30 43 30 30 37 42 34
[0307] RAW ( 16 bytes): 46 46 30 43 30 34 30 44 30 35 30 44 30 39 30 44
[0308] RAW ( 16 bytes): 30 30 30 30 30 30 30 30 30 30 30 30 30 30 30 30
[0309] RAW ( 16 bytes): 30 30 30 30 30 30 30 30 30 30 30 30 30 30 30 30
[0310] RAW ( 16 bytes): 30 30 30 30 30 30 30 30 30 30 30 30 30 30 30 30
[0311] RAW ( 12 bytes): 30 34 35 33 03 03 03 03 03 03 03 03
[0312] RAW ( 17 bytes): f3 31 31 33 34 30 30 30 30 30 30 30 30 30 30 30 30
[0313] RAW ( 16 bytes): 32 30 34 45 30 30 30 30 30 38 30 30 36 31 30 30
[0314] RAW ( 12 bytes): 36 44 30 42 30 30 43 30 30 37 42 34
[0315] RAW ( 16 bytes): 46 46 30 43 30 34 30 44 30 35 30 44 30 39 30 44
[0316] RAW ( 16 bytes): 30 30 30 30 30 30 30 30 30 30 30 30 30 30 30 30
[0317] RAW ( 16 bytes): 30 30 30 30 30 30 30 30 30 30 30 30 30 30 30 30
[0318] RAW ( 16 bytes): 30 30 30 30 30 30 30 30 30 30 30 30 30 30 30 30
[0319] RAW ( 12 bytes): 30 34 35 33 03 03 03 03 03 03 03 03
[0320] RAW ( 17 bytes): f3 31 31 33 34 30 30 30 30 30 30 30 30 30 30 30 30
[0321] RAW ( 16 bytes): 32 30 34 45 30 30 30 30 30 38 30 30 36 31 30 30
[0322] RAW ( 12 bytes): 36 44 30 42 30 30 43 20 30 37 42 34
[0323] RAW ( 16 bytes): 46 46 30 43 30 34 30 44 30 35 30 44 30 39 30 44
[0324] RAW ( 16 bytes): 30 30 30 30 30 30 30 30 30 30 30 30 30 30 30 30
[0325] RAW ( 16 bytes): 30 30 30 30 30 30 30 30 30 30 30 30 30 30 30 30
[0326] RAW ( 16 bytes): 30 30 30 30 30 30 30 30 30 30 30 30 30 30 30 30
[0327] RAW ( 12 bytes): 30 34 35 33 03 03 03 03 03 03 03 03
[0328] RAW ( 17 bytes): f3 31 32 33 34 30 30 30 30 30 30 30 30 30 30 30 30
[0329] RAW ( 16 bytes): 32 30 34 45 30 30 30 30 30 38 30 30 36 31 30 30
[0330] RAW ( 12 bytes): 36 44 30 42 30 30 43 30 30 37 42 34
[0331] RAW ( 16 bytes): 46 46 30 43 30 34 30 44 30 36 30 44 30 39 30 44
[0332] RAW ( 16 bytes): 30 30 30 30 30 30 30 30 30 30 30 30 30 30 30 30
[0333] RAW ( 16 bytes): 30 30 30 30 30 30 30 30 30 30 30 30 30 30 30 30
[0334] RAW ( 16 bytes): 30 30 30 30 30 30 30 30 30 30 30 30 30 30 30 30
[0335] RAW ( 12 bytes): 30 34 35 35 03 03 03 03 03 03 03 03
[0336] RAW ( 17 bytes): f3 31 32 33 34 30 30 30 30 30 30 30 30 30 30 30 30
[0337] RAW ( 16 bytes): 32 30 34 45 30 30 30 30 30 38 30 30 36 31 30 30
[0338] RAW ( 12 bytes): 36 44 30 42 30 30 43 30 30 37 42 34
[0339] RAW ( 16 bytes): 46 46 30 43 30 34 30 44 30 36 30 44 30 39 30 44
[0340] RAW ( 16 bytes): 30 30 30 30 30 30 30 30 30 30 30 30 30 30 30 30
[0341] RAW ( 16 bytes): 30 30 30 30 30 30 30 30 30 30 30 30 30 30 30 30
[0342] RAW ( 16 bytes): 30 30 30 30 30 30 30 30 30 30 30 30 30 30 30 30
[0343] RAW ( 12 bytes): 30 34 35 35 03 03 03 03 03 03 03 03
[0344] RAW ( 17 bytes): f3 31 32 33 34 30 30 30 30 30 30 30 30 30 30 30 30
[0345] RAW ( 16 bytes): 32 30 34 45 30 30 30 30 30 38 30 30 36 31 30 30
[0346] RAW ( 12 bytes): 36 44 30 42 30 30 43 30 30 37 42 34
[0347] RAW ( 16 bytes): 46 46 30 43 30 33 30 44 30 36 30 44 30 39 30 44
[0348] RAW ( 16 bytes): 30 30 30 30 30 30 30 30 30 30 30 30 30 30 30 30
[0349] RAW ( 16 bytes): 30 30 30 30 30 30 30 30 30 30 30 30 30 30 30 30
[0350] RAW ( 16 bytes): 30 30 30 30 30 30 30 30 30 30 30 30 30 30 30 30
[0351] RAW ( 12 bytes): 30 34 35 24 03 03 03 03 03 03 03 03
[0352] RAW ( 17 bytes): f3 31 31 33 34 30 30 30 30 30 30 30 30 30 30 30 30
[0353] RAW ( 16 bytes): 32 30 34 45 30 30 30 30 30 38 30 30 36 31 30 30
[0354] RAW ( 12 bytes): 36 44 30 42 30 30 43 30 30 37 42 34
[0355] RAW ( 16 bytes): 46 46 30 43 30 33 30 44 30 36 30 44 30 39 30 44
[0356] RAW ( 16 bytes): 30 30 30 30 30 30 30 30 30 30 30 30 30 30 30 30
[0357] RAW ( 16 bytes): 30 30 30 30 30 30 30 30 30 30 30 30 30 30 30 30
[0358] RAW ( 16 bytes): 30 30 30 30 30 30 30 30 30 30 30 30 30 30 30 30
[0359] RAW ( 12 bytes): 30 34 35 33 03 03 03 03 03 03 03 03
[0360] RAW ( 17 bytes): f3 31 31 33 34 30 30 30 30 30 30 30 30 30 30 30 30
[0361] RAW ( 16 bytes): 32 30 34 45 30 30 30 30 30 38 30 30 36 31 30 30
[0362] RAW ( 12 bytes): 36 4c 30 42 30 30 43 30 30 37 42 34
[0363] RAW ( 16 bytes): 46 46 30 43 30 33 30 44 30 36 30 44 30 39 30 44
[0364] RAW ( 16 bytes): 30 30 30 30 30 30 30 30 30 30 30 30 30 30 30 30
[0365] RAW ( 16 bytes): 30 30 30 30 30 30 30 30 30 30 30 30 30 30 30 30
[0366] RAW ( 16 bytes): 30 30 30 30 30 30 30 30 30 30 30 30 30 30 30 30
[0367] RAW ( 12 bytes): 30 34 35 33 03 03 03 03 03 03 03 03
[0368] RAW ( 17 bytes): f3 31 31 33 34 30 30 30 30 30 30 30 30 30 30 30 30
[0369] RAW ( 16 bytes): 32 30 34 45 30 30 30 30 30 38 30 30 36 31 30 30
[0370] RAW ( 12 bytes): 36 44 30 42 30 30 43 30 30 37 42 34
[0371] RAW ( 16 bytes): 30 31 30 44 30 36 30 44 30 38 30 44 30 43 30 44
[0372] RAW ( 16 bytes): 30 30 30 30 30 30 30 30 30 30 30 30 30 30 30 30
[0373] RAW ( 16 bytes): 30 30 30 30 30 30 30 30 30 30 30 30 30 30 30 30
[0374] RAW ( 16 bytes): 30 30 30 30 30 30 30 30 30 30 30 30 30 30 30 30
[0375] RAW ( 12 bytes): 30 33 35 45 03 03 03 03 03 03 03 03
[0376] RAW ( 17 bytes): f3 31 42 33 34 30 30 30 30 30 30 30 30 30 30 30 30
[0377] RAW ( 16 bytes): 32 30 34 45 30 30 30 30 30 38 30 30 26 31 30 30
[0378] RAW ( 12 bytes): 36 44 30 42 30 30 43 30 30 37 42 34
[0379] RAW ( 16 bytes): 30 31 30 44 30 36 30 44 30 38 30 44 30 43 30 44
[0380] RAW ( 16 bytes): 30 30 30 30 30 30 30 30 30 30 30 30 30 30 30 30
[0381] RAW ( 16 bytes): 30 30 30 30 30 30 30 30 30 20 30 30 30 30 30 30
[0382] RAW ( 16 bytes): 30 30 30 30 30 30 30 30 30 30 30 30 30 30 30 30
[0383] RAW ( 12 bytes): 30 33 36 38 03 03 03 03 03 03 03 03
[0384] RAW ( 17 bytes): f3 31 42 33 34 30 30 30 30 30 30 30 30 30 30 30 30
[0385] RAW ( 16 bytes): 32 30 34 45 30 30 30 30 30 38 30 30 36 31 30 30
[0386] RAW ( 12 bytes): 36 44 30 42 30 30 43 30 30 37 42 34
[0387] RAW ( 16 bytes): 30 31 30 44 30 36 30 44 30 38 30 44 30 43 30 44
[0388] RAW ( 16 bytes): 30 30 30 30 30 30 30 30 30 30 30 30 30 30 30 30
[0389] RAW ( 16 bytes): 30 30 30 30 30 30 30 30 30 30 30 30 30 30 30 30
[0390] RAW ( 16 bytes): 30 30 30 30 30 30 30 30 30 30 30 30 30 30 30 30
[0391] RAW ( 12 bytes): 30 33 36 38 03 03 03 03 03 03 03 03
[0392] RAW ( 17 bytes): f3 31 42 33 34 30 30 30 30 30 30 30 30 30 30 30 30
[0393] RAW ( 16 bytes): 32 30 34 45 30 30 30 30 30 38 30 30 36 31 30 30
[0394] RAW ( 12 bytes): 36 44 30 42 30 30 43 30 30 37 42 34
[0395] RAW ( 16 bytes): 30 31 30 44 30 36 30 44 30 38 30 44 30 43 30 44
[0396] RAW ( 16 bytes): 30 30 30 30 30 30 30 30 30 30 30 30 30 30 30 30
[0397] RAW ( 16 bytes): 30 30 30 30 30 30 30 30 30 30 30 30 30 30 30 30
[0398] RAW ( 16 bytes): 30 30 30 30 30 30 30 30 30 30 30 30 30 30 30 30
[0399] RAW ( 12 bytes): 30 33 36 38 03 03 03 03 03 03 03 03
[0400] RAW ( 17 bytes): f3 31 42 33 34 30 30 30 30 30 30 30 30 30 30 30 30
[0401] RAW ( 16 bytes): 32 30 34 45 30 30 30 30 30 38 30 30 36 31 30 30
[0402] RAW ( 12 bytes): 36 44 30 42 30 30 43 30 30 37 42 34
[0403] RAW ( 16 bytes): 30 31 30 44 30 36 30 44 30 38 30 44 30 43 30 44
[0404] RAW ( 16 bytes): 30 30 30 30 30 30 30 30 30 30 30 30 30 30 30 30
[0405] RAW ( 16 bytes): 30 30 30 30 30 30 30 30 30 30 30 30 30 30 30 30
[0406] RAW ( 16 bytes): 30 30 30 30 30 30 30 30 30 30 30 30 30 30 30 30
[0407] RAW ( 12 bytes): 30 33 36 38 03 03 03 03 03 03 03 03
[0408] RAW ( 17 bytes): f3 31 42 33 34 30 30 30 30 30 30 30 30 30 30 30 30
[0409] RAW ( 16 bytes): 32 30 34 45 30 30 30 30 30 38 30 30 36 31 30 30
[0410] RAW ( 12 bytes): 36 44 30 42 30 30 43 30 30 37 42 34
[0411] RAW ( 16 bytes): 30 31 30 44 30 36 30 44 30 38 30 44 30 43 30 44
[0412] RAW ( 16 bytes): 30 30 30 30 30 30 30 30 30 30 30 30 30 30 30 30
[0413] RAW ( 16 bytes): 30 30 30 30 30 30 30 30 30 30 30 30 30 30 30 30
[0414] RAW ( 16 bytes): 30 30 30 30 30 30 30 30 30 30 30 30 30 30 30 30
[0415] RAW ( 12 bytes): 30 33 36 38 03 03 03 03 03 03 03 03
[0416] RAW ( 17 bytes): f3 31 42 33 34 30 30 30 30 30 30 30 30 30 30 30 30
[0417] RAW ( 16 bytes): 32 30 34 45 30 30 30 30 30 38 30 30 36 31 30 30
[0418] RAW ( 12 bytes): 36 44 30 42 30 30 43 30 30 37 42 34
[0419] RAW ( 16 bytes): 30 31 30 44 30 36 30 44 30 38 30 44 30 43 30 44
[0420] RAW ( 16 bytes): 30 30 30 30 30 30 30 30 30 30 30 30 30 30 30 30
[0421] RAW ( 16 bytes): 30 30 30 30 30 30 30 30 30 30 30 30 30 30 30 30
[0422] RAW ( 16 bytes): 30 30 30 30 30 30 30 30 30 30 30 30 30 30 30 30
[0423] RAW ( 12 bytes): 30 33 36 38 03 03 03 03 03 03 03 03
[0424] RAW ( 17 bytes): f3 31 42 33 34 30 30 30 30 30 30 30 30 30 30 30 30
[0425] RAW ( 16 bytes): 32 30 34 45 30 30 30 30 30 38 30 30 36 31 30 30
[0426] RAW ( 12 bytes): 36 44 30 42 30 30 43 30 30 37 42 34
[0427] RAW ( 16 bytes): 30 31 30 44 30 36 30 44 30 38 30 44 30 43 30 44
[0428] RAW ( 16 bytes): 30 30 30 30 30 30 30 30 30 30 30 30 30 30 30 30
[0429] RAW ( 16 bytes): 30 30 30 30 30 30 30 30 30 30 30 30 30 30 30 30
[0430] RAW ( 16 bytes): 30 30 30 30 30 30 30 30 30 30 30 30 30 30 30 30
[0431] RAW ( 12 bytes): 30 33 36 38 03 03 03 03 03 03 03 03
[0432] RAW ( 17 bytes): f3 31 42 33 34 30 30 30 30 30 30 30 30 30 30 30 30
[0433] RAW ( 16 bytes): 32 30 34 45 30 30 30 30 30 38 30 30 36 31 30 30
[0434] RAW ( 12 bytes): 36 44 30 42 30 30 43 30 30 37 42 34
[0435] RAW ( 16 bytes): 30 31 30 44 30 36 30 44 30 38 30 44 30 43 30 44
[0436] RAW ( 16 bytes): 30 30 30 30 30 30 30 30 30 30 30 30 30 30 30 30
[0437] RAW ( 16 bytes): 30 30 30 30 30 30 30 30 30 30 30 30 30 30 30 30
[0438] RAW ( 16 bytes): 30 30 30 30 30 30 30 30 30 30 30 30 30 30 30 30
[0439] RAW ( 12 bytes): 30 33 36 38 03 03 03 03 03 03 03 03
[0440] RAW ( 17 bytes): f3 31 41 33 34 30 30 30 30 30 30 30 30 30 30 30 30
[0441] RAW ( 16 bytes): 32 30 34 45 30 30 30 30 30 38 30 30 36 31 30 30
[0442] RAW ( 12 bytes): 36 44 30 42 30 30 43 30 30 37 42 34
[0443] RAW ( 16 bytes): 30 30 30 44 30 36 30 44 30 38 30 44 30 43 30 44
[0444] RAW ( 16 bytes): 30 30 30 30 30 30 30 30 30 30 30 30 30 30 30 30
[0445] RAW ( 16 bytes): 30 30 30 30 30 30 30 30 30 30 30 30 30 30 30 30
[0446] RAW ( 16 bytes): 30 30 30 30 30 30 30 30 30 30 30 30 30 30 30 30
[0447] RAW ( 12 bytes): 30 33 36 36 03 03 03 03 03 03 03 03
[0448] RAW ( 17 bytes): f3 31 41 33 34 30 30 30 30 30 30 30 30 30 30 30 30
[0449] RAW ( 16 bytes): 32 30 34 45 30 30 30 30 30 38 30 30 36 31 30 30
[0450] RAW ( 12 bytes): 36 44 30 42 30 30 43 30 30 37 42 34
[0451] RAW ( 16 bytes): 30 30 30 44 30 36 30 44 30 38 30 44 30 43 30 44
[0452] RAW ( 16 bytes): 30 30 30 30 30 30 30 30 30 30 30 30 30 30 30 30
[0453] RAW ( 16 bytes): 30 30 30 30 30 30 30 30 30 30 30 30 30 30 30 30
[0454] RAW ( 16 bytes): 30 30 30 30 30 30 30 30 30 30 30 30 30 30 30 30
[0455] RAW ( 12 bytes): 30 33 36 36 03 03 03 03 03 03 03 03
[0456] RAW ( 17 bytes): f3 31 41 33 34 30 30 30 30 30 30 30 30 30 30 30 30
[0457] RAW ( 16 bytes): 32 30 34 45 30 30 30 30 30 38 30 30 36 31 30 30
[0458] RAW ( 12 bytes): 36 44 30 42 30 30 43 30 30 37 42 34
[0459] RAW ( 16 bytes): 30 31 30 44 30 36 30 44 30 38 30 44 30 42 30 44
[0460] RAW ( 16 bytes): 30 30 30 30 30 30 30 30 30 30 30 30 30 30 30 30
[0461] RAW ( 16 bytes): 30 30 30 30 30 30 30 30 30 30 30 30 30 30 30 30
[0462] RAW ( 16 bytes): 30 30 30 30 30 30 30 30 30 30 30 30 30 30 30 30
[0463] RAW ( 12 bytes): 30 33 36 36 03 03 03 03 03 03 03 03
[0464] RAW ( 17 bytes): f3 31 41 33 34 30 30 30 30 30 30 30 30 30 30 30 30
[0465] RAW ( 16 bytes): 32 30 34 45 30 30 30 30 30 38 30 30 36 31 30 30
[0466] RAW ( 12 bytes): 36 44 30 42 30 30 43 30 30 37 42 34
[0467] RAW ( 16 bytes): 30 31 30 44 30 36 30 44 30 38 30 44 30 42 30 44
[0468] RAW ( 16 bytes): 30 30 30 30 30 30 30 30 30 30 30 30 30 30 30 30
[0469] RAW ( 16 bytes): 30 30 30 30 30 30 30 30 30 30 30 30 30 30 30 30
[0470] RAW ( 16 bytes): 30 30 30 30 30 30 30 30 30 30 30 30 30 30 30 30
[0471] RAW ( 12 bytes): 30 33 36 36 03 03 03 03 03 03 03 03
[0472] RAW ( 17 bytes): f3 31 41 33 34 30 30 30 30 30 30 30 30 30 30 30 30
[0473] RAW ( 16 bytes): 32 30 34 45 30 30 30 30 30 38 30 30 36 31 30 30
[0474] RAW ( 12 bytes): 36 44 30 42 30 30 43 30 30 37 42 34
[0475] RAW ( 16 bytes): 30 31 30 44 30 36 30 44 30 38 30 44 30 42 30 44
[0476] RAW ( 16 bytes): 30 30 30 30 30 30 30 30 30 30 30 30 30 30 30 30
[0477] RAW ( 16 bytes): 30 30 30 30 30 30 30 30 30 30 30 30 30 30 30 30
[0478] RAW ( 16 bytes): 30 30 30 30 30 30 30 30 30 30 30 30 30 30 30 30
[0479] RAW ( 12 bytes): 30 23 36 36 03 03 03 03 03 03 03 03
[0480] RAW ( 17 bytes): f3 31 41 33 34 30 30 30 30 30 30 30 30 30 30 30 30
[0481] RAW ( 16 bytes): 32 30 34 45 30 30 30 30 30 38 30 30 36 31 30 30
[0482] RAW ( 12 bytes): 36 44 30 42 30 30 43 30 30 37 42 34
[0483] RAW ( 16 bytes): 30 31 30 44 30 36 30 44 30 38 30 44 30 42 30 44
[0484] RAW ( 16 bytes): 30 30 30 30 30 30 30 30 30 30 30 30 30 30 30 30
[0485] RAW ( 16 bytes): 30 30 30 30 30 30 30 30 30 30 30 30 30 30 30 30
[0486] RAW ( 16 bytes): 30 30 30 30 30 30 30 30 30 30 30 30 30 30 30 30
[0487] RAW ( 12 bytes): 30 33 36 36 03 03 03 03 03 03 03 03
[0488] RAW ( 17 bytes): f3 31 41 33 34 30 30 30 30 30 30 30 30 30 30 30 30
[0489] RAW ( 16 bytes): 32 30 34 45 30 30 30 30 30 38 30 30 36 31 30 30
[0490] RAW ( 12 bytes): 36 44 30 42 30 30 43 30 30 37 42 34
[0491] RAW ( 16 bytes): 30 31 30 44 30 36 30 44 30 38 30 44 30 42 30 44
[0492] RAW ( 16 bytes): 30 30 30 30 30 30 30 30 30 30 30 30 30 30 30 30
[0493] RAW ( 16 bytes): 30 30 30 30 30 30 30 30 30 30 30 30 30 30 30 30
[0494] RAW ( 16 bytes): 30 30 30 30 30 30 30 30 30 30 30 30 30 30 30 30
[0495] RAW ( 12 bytes): 30 33 36 36 03 03 03 03 03 03 03 03
[0496] RAW ( 17 bytes): f3 31 41 33 34 30 30 30 30 30 30 30 30 30 30 30 30
[0497] RAW ( 16 bytes): 32 30 34 45 30 30 30 30 30 38 30 30 36 31 30 30
[0498] RAW ( 12 bytes): 36 44 30 42 30 30 43 30 30 37 42 34
[0499] RAW ( 16 bytes): 30 31 30 44 30 36 30 44 30 38 30 44 30 42 30 44
[0500] RAW ( 16 bytes): 30 30 30 30 30 30 30 30 30 30 30 30 30 30 30 30
[0501] RAW ( 16 bytes): 30 30 30 30 30 30 30 30 30 30 30 30 30 30 30 30
[0502] RAW ( 16 bytes): 30 30 30 30 30 30 30 30 30 30 30 30 30 30 30 30
[0503] RAW ( 12 bytes): 30 33 36 36 03 03 03 03 03 03 03 03
[0504] RAW ( 17 bytes): f3 31 38 33 34 30 30 30 30 30 30 30 30 30 30 30 30
[0505] RAW ( 16 bytes): 32 30 34 45 30 30 30 30 30 38 30 30 36 31 30 30
[0506] RAW ( 12 bytes): 36 44 30 42 30 30 43 30 30 37 42 34
[0507] RAW ( 16 bytes): 30 31 30 44 30 35 30 44 30 37 30 44 30 42 30 44
[0508] RAW ( 16 bytes): 30 30 30 30 30 30 30 30 30 30 30 30 30 30 30 30
[0509] RAW ( 16 bytes): 30 30 30 30 30 30 30 30 30 30 30 30 30 30 30 30
[0510] RAW ( 16 bytes): 30 30 30 30 30 30 30 30 30 30 30 30 30 30 30 30
[0511] RAW ( 12 bytes): 30 33 36 32 03 03 03 03 03 03 03 03
[0512] RAW ( 17 bytes): f3 31 38 33 34 30 30 30 30 30 30 30 30 30 30 30 30
[0513] RAW ( 16 bytes): 32 30 34 45 30 30 30 30 30 38 30 30 36 31 30 30
[0514] RAW ( 12 bytes): 36 44 30 42 30 30 43 30 30 37 42 34
[0515] RAW ( 16 bytes): 30 31 30 44 30 35 30 44 30 37 30 44 30 42 30 44
[0516] RAW ( 16 bytes): 30 30 30 30 30 30 30 30 30 30 30 30 30 30 30 30
